version https://git-lfs.github.com/spec/v1
oid sha256:3e7f6bb013d0e75386afeeea53ecd4bb69bfac5479adfe88570a6b0c98dfe724
size 4651722
