version https://git-lfs.github.com/spec/v1
oid sha256:b5258b5b10434516531704bceb8e49f19d1638bd08a23874a4d3e229f3c9e814
size 4653169
